0 0 0 0 1 0 1
0 1 0 0 1 1 0
7.5 0 0 0 1 0 1
7.5 1 0 0 1 1 0
15 0 0 0 1 1 0
15 1 0 0 1 0 1
22.5 0 0 0 1 1 0
22.5 1 0 0 1 0 1
30 0 0 0 1 1 0
30 1 0 0 1 0 1
37.5 0 0 0 1 1 0
37.5 1 0 0 1 0 1
45 0 0 0 1 1 0
45 1 0 0 1 0 1
52.5 0 0 0 1 1 0
52.5 1 0 0 1 0 1
60 0 0 0 1 1 0
60 1 0 0 1 0 1
67.5 0 0 0 1 1 0
67.5 1 0 0 1 0 1
75 0 0 0 1 1 0
75 1 0 0 1 0 1
82.5 0 0 0 1 1 0
82.5 1 0 0 1 0 1
90 0 0 0 1 1 0
90 1 0 0 1 0 1
97.5 0 0 0 1 1 0
97.5 1 0 0 1 0 1
105 0 0 0 1 1 0
105 1 0 0 1 0 1
112.5 0 0 0 1 1 0
112.5 1 0 0 1 0 1
120 0 0 0 1 1 0
120 1 0 0 1 0 1
127.5 0 0 0 1 1 0
127.5 1 0 0 1 0 1
135 0 0 0 1 1 0
135 1 0 0 1 0 1
142.5 0 0 0 1 1 0
142.5 1 0 0 1 0 1
150 0 0 0 1 1 0
150 1 0 0 1 0 1
157.5 0 0 0 1 1 0
157.5 1 0 0 1 0 1
165 0 0 0 1 1 0
165 1 0 0 1 0 1
172.5 0 0 0 1 1 0
172.5 1 0 0 1 0 1
0 0 0.5 0 1 0 1
0 1 0.5 0 1 1 0
7.5 0 0.5 0 1 0 1
7.5 1 0.5 0 1 1 0
15 0 0.5 0 1 1 0
15 1 0.5 0 1 0 1
22.5 0 0.5 0 1 1 0
22.5 1 0.5 0 1 0 1
30 0 0.5 0 1 1 0
30 1 0.5 0 1 0 1
37.5 0 0.5 0 1 1 0
37.5 1 0.5 0 1 0 1
45 0 0.5 0 1 1 0
45 1 0.5 0 1 0 1
52.5 0 0.5 0 1 1 0
52.5 1 0.5 0 1 0 1
60 0 0.5 0 1 1 0
60 1 0.5 0 1 0 1
67.5 0 0.5 0 1 1 0
67.5 1 0.5 0 1 0 1
75 0 0.5 0 1 1 0
75 1 0.5 0 1 0 1
82.5 0 0.5 0 1 1 0
82.5 1 0.5 0 1 0 1
90 0 0.5 0 1 1 0
90 1 0.5 0 1 0 1
97.5 0 0.5 0 1 1 0
97.5 1 0.5 0 1 0 1
105 0 0.5 0 1 1 0
105 1 0.5 0 1 0 1
112.5 0 0.5 0 1 1 0
112.5 1 0.5 0 1 0 1
120 0 0.5 0 1 1 0
120 1 0.5 0 1 0 1
127.5 0 0.5 0 1 1 0
127.5 1 0.5 0 1 0 1
135 0 0.5 0 1 1 0
135 1 0.5 0 1 0 1
142.5 0 0.5 0 1 1 0
142.5 1 0.5 0 1 0 1
150 0 0.5 0 1 1 0
150 1 0.5 0 1 0 1
157.5 0 0.5 0 1 1 0
157.5 1 0.5 0 1 0 1
165 0 0.5 0 1 1 0
165 1 0.5 0 1 0 1
172.5 0 0.5 0 1 1 0
172.5 1 0.5 0 1 0 1
0 0 1 0 1 0 1
0 1 1 0 1 1 0
7.5 0 1 0 1 0 1
7.5 1 1 0 1 1 0
15 0 1 0 1 1 0
15 1 1 0 1 0 1
22.5 0 1 0 1 1 0
22.5 1 1 0 1 0 1
30 0 1 0 1 1 0
30 1 1 0 1 0 1
37.5 0 1 0 1 1 0
37.5 1 1 0 1 0 1
45 0 1 0 1 1 0
45 1 1 0 1 0 1
52.5 0 1 0 1 1 0
52.5 1 1 0 1 0 1
60 0 1 0 1 1 0
60 1 1 0 1 0 1
67.5 0 1 0 1 1 0
67.5 1 1 0 1 0 1
75 0 1 0 1 1 0
75 1 1 0 1 0 1
82.5 0 1 0 1 1 0
82.5 1 1 0 1 0 1
90 0 1 0 1 1 0
90 1 1 0 1 0 1
97.5 0 1 0 1 1 0
97.5 1 1 0 1 0 1
105 0 1 0 1 1 0
105 1 1 0 1 0 1
112.5 0 1 0 1 1 0
112.5 1 1 0 1 0 1
120 0 1 0 1 1 0
120 1 1 0 1 0 1
127.5 0 1 0 1 1 0
127.5 1 1 0 1 0 1
135 0 1 0 1 1 0
135 1 1 0 1 0 1
142.5 0 1 0 1 1 0
142.5 1 1 0 1 0 1
150 0 1 0 1 1 0
150 1 1 0 1 0 1
157.5 0 1 0 1 1 0
157.5 1 1 0 1 0 1
165 0 1 0 1 1 0
165 1 1 0 1 0 1
172.5 0 1 0 1 1 0
172.5 1 1 0 1 0 1
0 0 1.5 0 1 0 1
0 1 1.5 0 1 1 0
7.5 0 1.5 0 1 0 1
7.5 1 1.5 0 1 1 0
15 0 1.5 0 1 1 0
15 1 1.5 0 1 0 1
22.5 0 1.5 0 1 1 0
22.5 1 1.5 0 1 0 1
30 0 1.5 0 1 1 0
30 1 1.5 0 1 0 1
37.5 0 1.5 0 1 1 0
37.5 1 1.5 0 1 0 1
45 0 1.5 0 1 1 0
45 1 1.5 0 1 0 1
52.5 0 1.5 0 1 1 0
52.5 1 1.5 0 1 0 1
60 0 1.5 0 1 1 0
60 1 1.5 0 1 0 1
67.5 0 1.5 0 1 1 0
67.5 1 1.5 0 1 0 1
75 0 1.5 0 1 1 0
75 1 1.5 0 1 0 1
82.5 0 1.5 0 1 1 0
82.5 1 1.5 0 1 0 1
90 0 1.5 0 1 1 0
90 1 1.5 0 1 0 1
97.5 0 1.5 0 1 1 0
97.5 1 1.5 0 1 0 1
105 0 1.5 0 1 1 0
105 1 1.5 0 1 0 1
112.5 0 1.5 0 1 1 0
112.5 1 1.5 0 1 0 1
120 0 1.5 0 1 1 0
120 1 1.5 0 1 0 1
127.5 0 1.5 0 1 1 0
127.5 1 1.5 0 1 0 1
135 0 1.5 0 1 1 0
135 1 1.5 0 1 0 1
142.5 0 1.5 0 1 1 0
142.5 1 1.5 0 1 0 1
150 0 1.5 0 1 1 0
150 1 1.5 0 1 0 1
157.5 0 1.5 0 1 1 0
157.5 1 1.5 0 1 0 1
165 0 1.5 0 1 1 0
165 1 1.5 0 1 0 1
172.5 0 1.5 0 1 1 0
172.5 1 1.5 0 1 0 1
0 0 2 0 1 0 1
0 1 2 0 1 1 0
7.5 0 2 0 1 0 1
7.5 1 2 0 1 1 0
15 0 2 0 1 1 0
15 1 2 0 1 0 1
22.5 0 2 0 1 1 0
22.5 1 2 0 1 0 1
30 0 2 0 1 1 0
30 1 2 0 1 0 1
37.5 0 2 0 1 1 0
37.5 1 2 0 1 0 1
45 0 2 0 1 1 0
45 1 2 0 1 0 1
52.5 0 2 0 1 1 0
52.5 1 2 0 1 0 1
60 0 2 0 1 1 0
60 1 2 0 1 0 1
67.5 0 2 0 1 1 0
67.5 1 2 0 1 0 1
75 0 2 0 1 1 0
75 1 2 0 1 0 1
82.5 0 2 0 1 1 0
82.5 1 2 0 1 0 1
90 0 2 0 1 1 0
90 1 2 0 1 0 1
97.5 0 2 0 1 1 0
97.5 1 2 0 1 0 1
105 0 2 0 1 1 0
105 1 2 0 1 0 1
112.5 0 2 0 1 1 0
112.5 1 2 0 1 0 1
120 0 2 0 1 1 0
120 1 2 0 1 0 1
127.5 0 2 0 1 1 0
127.5 1 2 0 1 0 1
135 0 2 0 1 1 0
135 1 2 0 1 0 1
142.5 0 2 0 1 1 0
142.5 1 2 0 1 0 1
150 0 2 0 1 1 0
150 1 2 0 1 0 1
157.5 0 2 0 1 1 0
157.5 1 2 0 1 0 1
165 0 2 0 1 1 0
165 1 2 0 1 0 1
172.5 0 2 0 1 1 0
172.5 1 2 0 1 0 1
0 0 2.5 0 1 0 1
0 1 2.5 0 1 1 0
7.5 0 2.5 0 1 0 1
7.5 1 2.5 0 1 1 0
15 0 2.5 0 1 1 0
15 1 2.5 0 1 0 1
22.5 0 2.5 0 1 1 0
22.5 1 2.5 0 1 0 1
30 0 2.5 0 1 1 0
30 1 2.5 0 1 0 1
37.5 0 2.5 0 1 1 0
37.5 1 2.5 0 1 0 1
45 0 2.5 0 1 1 0
45 1 2.5 0 1 0 1
52.5 0 2.5 0 1 1 0
52.5 1 2.5 0 1 0 1
60 0 2.5 0 1 1 0
60 1 2.5 0 1 0 1
67.5 0 2.5 0 1 1 0
67.5 1 2.5 0 1 0 1
75 0 2.5 0 1 1 0
75 1 2.5 0 1 0 1
82.5 0 2.5 0 1 1 0
82.5 1 2.5 0 1 0 1
90 0 2.5 0 1 1 0
90 1 2.5 0 1 0 1
97.5 0 2.5 0 1 1 0
97.5 1 2.5 0 1 0 1
105 0 2.5 0 1 1 0
105 1 2.5 0 1 0 1
112.5 0 2.5 0 1 1 0
112.5 1 2.5 0 1 0 1
120 0 2.5 0 1 1 0
120 1 2.5 0 1 0 1
127.5 0 2.5 0 1 1 0
127.5 1 2.5 0 1 0 1
135 0 2.5 0 1 1 0
135 1 2.5 0 1 0 1
142.5 0 2.5 0 1 1 0
142.5 1 2.5 0 1 0 1
150 0 2.5 0 1 1 0
150 1 2.5 0 1 0 1
157.5 0 2.5 0 1 1 0
157.5 1 2.5 0 1 0 1
165 0 2.5 0 1 1 0
165 1 2.5 0 1 0 1
172.5 0 2.5 0 1 1 0
172.5 1 2.5 0 1 0 1
0 0 3 0 0 0 1
0 1 3 0 0 1 0
7.5 0 3 0 0 0 1
7.5 1 3 0 0 1 0
15 0 3 0 0 1 0
15 1 3 0 0 0 1
22.5 0 3 0 0 1 0
22.5 1 3 0 0 0 1
30 0 3 0 0 1 0
30 1 3 0 0 0 1
37.5 0 3 0 0 1 0
37.5 1 3 0 0 0 1
45 0 3 0 0 1 0
45 1 3 0 0 0 1
52.5 0 3 0 0 1 0
52.5 1 3 0 0 0 1
60 0 3 0 0 1 0
60 1 3 0 0 0 1
67.5 0 3 0 0 1 0
67.5 1 3 0 0 0 1
75 0 3 0 0 1 0
75 1 3 0 0 0 1
82.5 0 3 0 0 1 0
82.5 1 3 0 0 0 1
90 0 3 0 0 1 0
90 1 3 0 0 0 1
97.5 0 3 0 0 1 0
97.5 1 3 0 0 0 1
105 0 3 0 0 1 0
105 1 3 0 0 0 1
112.5 0 3 0 0 1 0
112.5 1 3 0 0 0 1
120 0 3 0 0 1 0
120 1 3 0 0 0 1
127.5 0 3 0 0 1 0
127.5 1 3 0 0 0 1
135 0 3 0 0 1 0
135 1 3 0 0 0 1
142.5 0 3 0 0 1 0
142.5 1 3 0 0 0 1
150 0 3 0 0 1 0
150 1 3 0 0 0 1
157.5 0 3 0 0 1 0
157.5 1 3 0 0 0 1
165 0 3 0 0 1 0
165 1 3 0 0 0 1
172.5 0 3 0 0 1 0
172.5 1 3 0 0 0 1
0 0 3.5 0 0 0 1
0 1 3.5 0 0 1 0
7.5 0 3.5 0 0 0 1
7.5 1 3.5 0 0 1 0
15 0 3.5 0 0 1 0
15 1 3.5 0 0 0 1
22.5 0 3.5 0 0 1 0
22.5 1 3.5 0 0 0 1
30 0 3.5 0 0 1 0
30 1 3.5 0 0 0 1
37.5 0 3.5 0 0 1 0
37.5 1 3.5 0 0 0 1
45 0 3.5 0 0 1 0
45 1 3.5 0 0 0 1
52.5 0 3.5 0 0 1 0
52.5 1 3.5 0 0 0 1
60 0 3.5 0 0 1 0
60 1 3.5 0 0 0 1
67.5 0 3.5 0 0 1 0
67.5 1 3.5 0 0 0 1
75 0 3.5 0 0 1 0
75 1 3.5 0 0 0 1
82.5 0 3.5 0 0 1 0
82.5 1 3.5 0 0 0 1
90 0 3.5 0 0 1 0
90 1 3.5 0 0 0 1
97.5 0 3.5 0 0 1 0
97.5 1 3.5 0 0 0 1
105 0 3.5 0 0 1 0
105 1 3.5 0 0 0 1
112.5 0 3.5 0 0 1 0
112.5 1 3.5 0 0 0 1
120 0 3.5 0 0 1 0
120 1 3.5 0 0 0 1
127.5 0 3.5 0 0 1 0
127.5 1 3.5 0 0 0 1
135 0 3.5 0 0 1 0
135 1 3.5 0 0 0 1
142.5 0 3.5 0 0 1 0
142.5 1 3.5 0 0 0 1
150 0 3.5 0 0 1 0
150 1 3.5 0 0 0 1
157.5 0 3.5 0 0 1 0
157.5 1 3.5 0 0 0 1
165 0 3.5 0 0 1 0
165 1 3.5 0 0 0 1
172.5 0 3.5 0 0 1 0
172.5 1 3.5 0 0 0 1
0 0 4 0 0 0 1
0 1 4 0 0 1 0
7.5 0 4 0 0 0 1
7.5 1 4 0 0 1 0
15 0 4 0 0 1 0
15 1 4 0 0 0 1
22.5 0 4 0 0 1 0
22.5 1 4 0 0 0 1
30 0 4 0 0 1 0
30 1 4 0 0 0 1
37.5 0 4 0 0 1 0
37.5 1 4 0 0 0 1
45 0 4 0 0 1 0
45 1 4 0 0 0 1
52.5 0 4 0 0 1 0
52.5 1 4 0 0 0 1
60 0 4 0 0 1 0
60 1 4 0 0 0 1
67.5 0 4 0 0 1 0
67.5 1 4 0 0 0 1
75 0 4 0 0 1 0
75 1 4 0 0 0 1
82.5 0 4 0 0 1 0
82.5 1 4 0 0 0 1
90 0 4 0 0 1 0
90 1 4 0 0 0 1
97.5 0 4 0 0 1 0
97.5 1 4 0 0 0 1
105 0 4 0 0 1 0
105 1 4 0 0 0 1
112.5 0 4 0 0 1 0
112.5 1 4 0 0 0 1
120 0 4 0 0 1 0
120 1 4 0 0 0 1
127.5 0 4 0 0 1 0
127.5 1 4 0 0 0 1
135 0 4 0 0 1 0
135 1 4 0 0 0 1
142.5 0 4 0 0 1 0
142.5 1 4 0 0 0 1
150 0 4 0 0 1 0
150 1 4 0 0 0 1
157.5 0 4 0 0 1 0
157.5 1 4 0 0 0 1
165 0 4 0 0 1 0
165 1 4 0 0 0 1
172.5 0 4 0 0 1 0
172.5 1 4 0 0 0 1
0 0 4.5 0 0 0 1
0 1 4.5 0 0 1 0
7.5 0 4.5 0 0 0 1
7.5 1 4.5 0 0 1 0
15 0 4.5 0 0 1 0
15 1 4.5 0 0 0 1
22.5 0 4.5 0 0 1 0
22.5 1 4.5 0 0 0 1
30 0 4.5 0 0 1 0
30 1 4.5 0 0 0 1
37.5 0 4.5 0 0 1 0
37.5 1 4.5 0 0 0 1
45 0 4.5 0 0 1 0
45 1 4.5 0 0 0 1
52.5 0 4.5 0 0 1 0
52.5 1 4.5 0 0 0 1
60 0 4.5 0 0 1 0
60 1 4.5 0 0 0 1
67.5 0 4.5 0 0 1 0
67.5 1 4.5 0 0 0 1
75 0 4.5 0 0 1 0
75 1 4.5 0 0 0 1
82.5 0 4.5 0 0 1 0
82.5 1 4.5 0 0 0 1
90 0 4.5 0 0 1 0
90 1 4.5 0 0 0 1
97.5 0 4.5 0 0 1 0
97.5 1 4.5 0 0 0 1
105 0 4.5 0 0 1 0
105 1 4.5 0 0 0 1
112.5 0 4.5 0 0 1 0
112.5 1 4.5 0 0 0 1
120 0 4.5 0 0 1 0
120 1 4.5 0 0 0 1
127.5 0 4.5 0 0 1 0
127.5 1 4.5 0 0 0 1
135 0 4.5 0 0 1 0
135 1 4.5 0 0 0 1
142.5 0 4.5 0 0 1 0
142.5 1 4.5 0 0 0 1
150 0 4.5 0 0 1 0
150 1 4.5 0 0 0 1
157.5 0 4.5 0 0 1 0
157.5 1 4.5 0 0 0 1
165 0 4.5 0 0 1 0
165 1 4.5 0 0 0 1
172.5 0 4.5 0 0 1 0
172.5 1 4.5 0 0 0 1
0 0 5 0 0 0 1
0 1 5 0 0 1 0
7.5 0 5 0 0 0 1
7.5 1 5 0 0 1 0
15 0 5 0 0 1 0
15 1 5 0 0 0 1
22.5 0 5 0 0 1 0
22.5 1 5 0 0 0 1
30 0 5 0 0 1 0
30 1 5 0 0 0 1
37.5 0 5 0 0 1 0
37.5 1 5 0 0 0 1
45 0 5 0 0 1 0
45 1 5 0 0 0 1
52.5 0 5 0 0 1 0
52.5 1 5 0 0 0 1
60 0 5 0 0 1 0
60 1 5 0 0 0 1
67.5 0 5 0 0 1 0
67.5 1 5 0 0 0 1
75 0 5 0 0 1 0
75 1 5 0 0 0 1
82.5 0 5 0 0 1 0
82.5 1 5 0 0 0 1
90 0 5 0 0 1 0
90 1 5 0 0 0 1
97.5 0 5 0 0 1 0
97.5 1 5 0 0 0 1
105 0 5 0 0 1 0
105 1 5 0 0 0 1
112.5 0 5 0 0 1 0
112.5 1 5 0 0 0 1
120 0 5 0 0 1 0
120 1 5 0 0 0 1
127.5 0 5 0 0 1 0
127.5 1 5 0 0 0 1
135 0 5 0 0 1 0
135 1 5 0 0 0 1
142.5 0 5 0 0 1 0
142.5 1 5 0 0 0 1
150 0 5 0 0 1 0
150 1 5 0 0 0 1
157.5 0 5 0 0 1 0
157.5 1 5 0 0 0 1
165 0 5 0 0 1 0
165 1 5 0 0 0 1
172.5 0 5 0 0 1 0
172.5 1 5 0 0 0 1
0 0 5.5 1 0 0 1
0 1 5.5 1 0 1 0
7.5 0 5.5 1 0 0 1
7.5 1 5.5 1 0 1 0
15 0 5.5 1 0 1 0
15 1 5.5 1 0 0 1
22.5 0 5.5 1 0 1 0
22.5 1 5.5 1 0 0 1
30 0 5.5 1 0 1 0
30 1 5.5 1 0 0 1
37.5 0 5.5 1 0 1 0
37.5 1 5.5 1 0 0 1
45 0 5.5 1 0 1 0
45 1 5.5 1 0 0 1
52.5 0 5.5 1 0 1 0
52.5 1 5.5 1 0 0 1
60 0 5.5 1 0 1 0
60 1 5.5 1 0 0 1
67.5 0 5.5 1 0 1 0
67.5 1 5.5 1 0 0 1
75 0 5.5 1 0 1 0
75 1 5.5 1 0 0 1
82.5 0 5.5 1 0 1 0
82.5 1 5.5 1 0 0 1
90 0 5.5 1 0 1 0
90 1 5.5 1 0 0 1
97.5 0 5.5 1 0 1 0
97.5 1 5.5 1 0 0 1
105 0 5.5 1 0 1 0
105 1 5.5 1 0 0 1
112.5 0 5.5 1 0 1 0
112.5 1 5.5 1 0 0 1
120 0 5.5 1 0 1 0
120 1 5.5 1 0 0 1
127.5 0 5.5 1 0 1 0
127.5 1 5.5 1 0 0 1
135 0 5.5 1 0 1 0
135 1 5.5 1 0 0 1
142.5 0 5.5 1 0 1 0
142.5 1 5.5 1 0 0 1
150 0 5.5 1 0 1 0
150 1 5.5 1 0 0 1
157.5 0 5.5 1 0 1 0
157.5 1 5.5 1 0 0 1
165 0 5.5 1 0 1 0
165 1 5.5 1 0 0 1
172.5 0 5.5 1 0 1 0
172.5 1 5.5 1 0 0 1
0 0 6 1 0 0 1
0 1 6 1 0 1 0
7.5 0 6 1 0 0 1
7.5 1 6 1 0 1 0
15 0 6 1 0 1 0
15 1 6 1 0 0 1
22.5 0 6 1 0 1 0
22.5 1 6 1 0 0 1
30 0 6 1 0 1 0
30 1 6 1 0 0 1
37.5 0 6 1 0 1 0
37.5 1 6 1 0 0 1
45 0 6 1 0 1 0
45 1 6 1 0 0 1
52.5 0 6 1 0 1 0
52.5 1 6 1 0 0 1
60 0 6 1 0 1 0
60 1 6 1 0 0 1
67.5 0 6 1 0 1 0
67.5 1 6 1 0 0 1
75 0 6 1 0 1 0
75 1 6 1 0 0 1
82.5 0 6 1 0 1 0
82.5 1 6 1 0 0 1
90 0 6 1 0 1 0
90 1 6 1 0 0 1
97.5 0 6 1 0 1 0
97.5 1 6 1 0 0 1
105 0 6 1 0 1 0
105 1 6 1 0 0 1
112.5 0 6 1 0 1 0
112.5 1 6 1 0 0 1
120 0 6 1 0 1 0
120 1 6 1 0 0 1
127.5 0 6 1 0 1 0
127.5 1 6 1 0 0 1
135 0 6 1 0 1 0
135 1 6 1 0 0 1
142.5 0 6 1 0 1 0
142.5 1 6 1 0 0 1
150 0 6 1 0 1 0
150 1 6 1 0 0 1
157.5 0 6 1 0 1 0
157.5 1 6 1 0 0 1
165 0 6 1 0 1 0
165 1 6 1 0 0 1
172.5 0 6 1 0 1 0
172.5 1 6 1 0 0 1
0 0 6.5 1 0 0 1
0 1 6.5 1 0 1 0
7.5 0 6.5 1 0 0 1
7.5 1 6.5 1 0 1 0
15 0 6.5 1 0 1 0
15 1 6.5 1 0 0 1
22.5 0 6.5 1 0 1 0
22.5 1 6.5 1 0 0 1
30 0 6.5 1 0 1 0
30 1 6.5 1 0 0 1
37.5 0 6.5 1 0 1 0
37.5 1 6.5 1 0 0 1
45 0 6.5 1 0 1 0
45 1 6.5 1 0 0 1
52.5 0 6.5 1 0 1 0
52.5 1 6.5 1 0 0 1
60 0 6.5 1 0 1 0
60 1 6.5 1 0 0 1
67.5 0 6.5 1 0 1 0
67.5 1 6.5 1 0 0 1
75 0 6.5 1 0 1 0
75 1 6.5 1 0 0 1
82.5 0 6.5 1 0 1 0
82.5 1 6.5 1 0 0 1
90 0 6.5 1 0 1 0
90 1 6.5 1 0 0 1
97.5 0 6.5 1 0 1 0
97.5 1 6.5 1 0 0 1
105 0 6.5 1 0 1 0
105 1 6.5 1 0 0 1
112.5 0 6.5 1 0 1 0
112.5 1 6.5 1 0 0 1
120 0 6.5 1 0 1 0
120 1 6.5 1 0 0 1
127.5 0 6.5 1 0 1 0
127.5 1 6.5 1 0 0 1
135 0 6.5 1 0 1 0
135 1 6.5 1 0 0 1
142.5 0 6.5 1 0 1 0
142.5 1 6.5 1 0 0 1
150 0 6.5 1 0 1 0
150 1 6.5 1 0 0 1
157.5 0 6.5 1 0 1 0
157.5 1 6.5 1 0 0 1
165 0 6.5 1 0 1 0
165 1 6.5 1 0 0 1
172.5 0 6.5 1 0 1 0
172.5 1 6.5 1 0 0 1
